 2018.96  0.000  0.000  0.000  0.010  0.794  0.040 
 2018.96  0.026  0.001  -0.609  0.020  0.138  0.007 
 2018.96  -0.224  0.008  -1.937  0.070  0.065  0.006 
 2018.96  0.715  0.047  -1.180  0.077  0.009  0.002 
 2019.59  0.000  0.000  0.000  0.030  1.156  0.078 
 2019.59  -0.040  0.011  -0.378  0.109  0.180  0.057 
 2019.59  -0.416  0.075  -1.731  0.311  0.030  0.051 
 2019.59  0.230  0.049  -1.573  0.336  0.035  0.074 
 2019.59  -0.053  0.005  -3.780  0.370  0.015  0.042 
 2019.96  0.000  0.000  0.000  0.030  1.615  0.097 
 2019.96  0.040  0.010  -0.909  0.220  0.089  0.054 
 2019.96  0.602  0.160  -1.297  0.345  0.028  0.055 
 2019.96  -0.546  0.132  -1.343  0.324  0.036  0.053 
 2019.96  0.178  0.026  -3.175  0.469  0.027  0.137 
 2020.13  0.000  0.000  0.000  0.030  0.994  0.061 
 2020.13  -0.029  0.005  -0.258  0.040  0.856  0.057 
 2020.13  -0.003  0.000  -1.570  0.270  0.110  0.094 
 2020.27  0.000  0.000  0.000  0.030  1.595  0.087 
 2020.27  0.026  0.004  -0.459  0.070  0.393  0.042 
 2020.27  -0.105  0.017  -1.577  0.259  0.082  0.055 
 2020.27  0.523  0.070  -4.198  0.566  0.018  0.068 
 2020.35  0.000  0.000  0.000  0.020  1.412  0.076 
 2020.35  -0.020  0.002  -0.369  0.040  0.585  0.042 
 2020.35  -0.042  0.006  -1.699  0.230  0.100  0.069 
 2020.45  0.000  0.000  0.000  0.030  1.016  0.067 
 2020.45  -0.144  0.024  -0.263  0.044  0.380  0.048 
 2020.45  0.090  0.010  -0.512  0.059  0.366  0.053 
 2020.45  0.220  0.041  -1.544  0.287  0.060  0.095 
 2020.45  -0.577  0.103  -1.863  0.334  0.027  0.071 
 2020.58  0.000  0.000  0.000  0.010  1.390  0.070 
 2020.58  0.028  0.001  -0.479  0.020  0.597  0.030 
 2020.58  -0.016  0.001  -1.820  0.110  0.086  0.015 
 2021.17  0.000  0.000  0.000  0.010  0.896  0.045 
 2021.17  0.060  0.001  -0.577  0.010  0.521  0.026 
 2021.17  0.529  0.017  -1.510  0.047  0.054  0.005 
 2021.17  -0.352  0.009  -1.898  0.049  0.079  0.007 
 2021.60  0.000  0.000  0.000  0.010  0.466  0.023 
 2021.60  -0.109  0.003  -0.322  0.009  0.107  0.005 
 2021.60  0.042  0.001  -0.729  0.010  0.315  0.016 
 2021.60  -0.769  0.018  -1.036  0.024  0.019  0.001 
 2021.60  0.482  0.006  -1.547  0.019  0.047  0.003 
 2021.60  -0.230  0.004  -1.846  0.030  0.101  0.005 
 2021.60  0.217  0.009  -3.764  0.150  0.027  0.004 
 2022.15  0.000  0.000  0.000  0.010  0.523  0.026 
 2022.15  -0.045  0.002  -0.377  0.020  0.207  0.011 
 2022.15  0.003  0.000  -1.680  0.050  0.196  0.013 
 2022.15  0.218  0.012  -4.304  0.240  0.021  0.011 
 2022.85  0.000  0.000  0.000  0.010  0.457  0.023 
 2022.85  -0.116  0.004  -0.277  0.009  0.061  0.003 
 2022.85  -0.291  0.003  -1.948  0.020  0.082  0.004 
 2022.85  0.101  0.000  -3.849  0.010  0.033  0.004 
 2022.85  0.419  0.004  -1.956  0.020  0.047  0.002 
 2022.85  -0.018  0.000  -0.600  0.010  0.146  0.007 
 2022.85  -0.680  0.015  -1.178  0.026  0.015  0.001 
 2022.85  0.580  0.013  -1.152  0.027  0.009  0.001 