2015.050    0.089   0.004   -0.412  0.013   0.086   0.005
2015.050    0.861   0.021   0.053   0.071   0.002   0.000
2015.050    0.458   0.020   -1.319  0.048   0.032   0.003
2015.050    -0.257  0.031   -2.121  0.037   0.012   0.001
2015.050    1.007   0.084   -1.995  0.398   0.002   0.002
2015.050    0.520   0.027   -2.278  0.049   0.011   0.002
2015.050    0.892   0.027   -3.029  0.239   0.004   0.002
2015.050    -1.290  0.016   -3.222  0.038   0.004   0.000
2015.050    -0.489  0.034   -3.810  0.055   0.008   0.000
2015.050    1.047   0.019   -4.347  0.072   0.002   0.000
2015.050    0.840   0.028   -6.946  0.104   0.003   0.000
2015.680    0.000   0.000   0.000   0.001   0.218   0.011
2015.680    -0.001  0.001   -0.448  0.005   0.093   0.005
2015.680    0.711   0.004   -1.193  0.012   0.008   0.000
2015.680    0.218   0.005   -1.697  0.010   0.043   0.002
2015.680    -0.390  0.013   -3.438  0.023   0.022   0.001
2016.060    0.000   0.000   0.000   0.001   0.180   0.009
2016.060    0.058   0.001   -0.525  0.005   0.061   0.003
2016.060    0.622   0.010   -0.898  0.015   0.013   0.001
2016.060    0.363   0.008   -1.786  0.011   0.027   0.002
2016.060    -0.335  0.013   -1.839  0.010   0.005   0.000
2016.060    -0.321  0.012   -3.531  0.019   0.022   0.001
2016.460    0.000   0.000   0.000   0.002   0.240   0.013
2016.460    0.423   0.047   0.923   0.077   0.001   0.000
2016.460    -0.022  0.003   -0.344  0.012   0.107   0.007
2016.460    0.060   0.008   -0.754  0.034   0.013   0.002
2016.460    0.768   0.014   -0.826  0.024   0.011   0.001
2016.460    0.795   0.009   -1.242  0.039   0.005   0.000
2016.460    -0.992  0.021   -1.258  0.052   0.001   0.000
2016.460    0.353   0.007   -1.762  0.017   0.029   0.002
2016.460    -0.333  0.015   -1.975  0.015   0.008   0.000
2016.460    0.479   0.012   -2.653  0.043   0.003   0.000
2016.460    -0.385  0.024   -3.562  0.036   0.020   0.001
2016.460    0.704   0.018   -3.568  0.047   0.001   0.000
2016.460    -0.758  0.256   -5.399  0.420   0.006   0.002
2016.880    0.000   0.000   0.000   0.001   0.312   0.016
2016.880    -0.410  0.019   1.081   0.134   0.001   0.000
2016.880    0.222   0.019   1.593   0.023   0.001   0.000
2016.880    -0.020  0.001   -0.406  0.005   0.150   0.008
2016.880    0.992   0.015   -0.075  0.082   0.001   0.000
2016.880    0.787   0.005   -1.104  0.021   0.010   0.001
2016.880    0.346   0.005   -1.802  0.010   0.027   0.002
2016.880    -0.336  0.007   -1.863  0.011   0.006   0.000
2016.880    -0.363  0.012   -3.575  0.020   0.026   0.001
2017.460    0.000   0.000   0.000   0.001   0.366   0.018
2017.460    -0.012  0.000   -0.470  0.005   0.152   0.008
2017.460    0.677   0.005   -0.818  0.009   0.009   0.000
2017.460    0.320   0.009   -1.602  0.013   0.033   0.002
2017.460    -0.336  0.015   -1.892  0.016   0.006   0.000
2017.460    0.410   0.010   -2.355  0.038   0.003   0.000
2017.460    -0.471  0.018   -3.827  0.026   0.021   0.001
2017.460    0.116   0.021   -4.196  0.050   0.001   0.000
2018.310    0.000   0.000   0.000   0.001   0.647   0.032
2018.310    0.278   0.012   1.060   0.021   0.005   0.000
2018.310    -0.487  0.011   1.017   0.024   0.002   0.000
2018.310    -0.016  0.001   -0.568  0.006   0.152   0.008
2018.310    0.986   0.010   -0.326  0.024   0.004   0.000
2018.310    0.759   0.012   -1.003  0.015   0.013   0.001
2018.310    0.286   0.027   -1.730  0.019   0.037   0.003
2009.020     0.000      0.001    0.000 0.002    0.345 0.018
2009.020     0.121      0.005    -0.363 0.015  0.106 0.006
2009.020     0.308      0.024    -1.093 0.068  0.014 0.002
2009.020     0.878      0.009    -1.256 0.021  0.009 0.000
2009.020     0.438      0.024    -2.015 0.034  0.023 0.003
2009.020     -0.243     0.070    -2.298 0.092   0.024 0.002
2009.020     -0.912     0.072    -3.967 0.191   0.018 0.002
2009.420     0.000      0.000    0.000 0.002    0.363 0.018
2009.420     0.101      0.002    -0.456 0.008  0.138 0.008
2009.420     0.821      0.012    -1.128 0.030  0.012 0.001
2009.420     0.287      0.017    -2.013 0.020  0.050 0.003
2009.420     -0.756     0.051    -3.206 0.099   0.024 0.002
2010.530     0.000      0.000    0.000 0.002    0.221 0.011
2010.530     0.099      0.003    -0.504 0.008  0.107 0.005
2010.530     0.751      0.013    -0.961 0.028  0.022 0.001
2010.530     0.346      0.032    -1.788 0.029  0.035 0.003
2010.530     -0.270     0.076    -2.304 0.115   0.024 0.003
2010.530     0.387      0.062    -2.985 0.177  0.002 0.000
2010.530     -0.997     0.140    -4.360 0.189   0.016 0.001
2010.870     0.000      0.000    0.000 0.001    0.216 0.011
2010.870     0.132      0.003    -0.523 0.008  0.064 0.003
2010.870     0.929      0.017    -0.795 0.068  0.006 0.001
2010.870     0.669      0.026    -1.168 0.033  0.015 0.001
2010.870     0.260      0.009    -1.812 0.013  0.054 0.003
2010.870     -0.703     0.035    -3.392 0.043   0.018 0.001
2010.870     0.180      0.035    -5.225 0.054  0.001 0.000
2011.160     0.000      0.001    0.000 0.002    0.218 0.011
2011.160     0.177      0.007    -0.593 0.013  0.055 0.003
2011.160     0.836      0.032    -1.041 0.026  0.010 0.002
2011.160     0.303      0.011    -1.830 0.027  0.056 0.003
2011.160     -0.427     0.056    -3.950 0.084   0.018 0.001
2012.100     0.000      0.000    0.000 0.001    0.221 0.011
2012.100     0.124      0.004    -0.613 0.013  0.042 0.002
2012.100     0.677      0.021    -1.055 0.036  0.015 0.002
2012.100     0.526      0.042    -1.662 0.082  0.006 0.001
2012.100     -0.005     0.029    -1.823 0.033   0.023 0.003
2012.100     0.574      0.017    -2.266 0.142  0.012 0.002
2012.100     -0.183     0.084    -2.907 0.144   0.012 0.002
2012.100     -0.609     0.059    -4.279 0.264   0.011 0.002
2013.160     0.000      0.000    0.000 0.001    0.226 0.011
2013.160     0.107      0.008    -0.627 0.016  0.038 0.003
2013.160     0.668      0.075    -0.792 0.028  0.014 0.003
2013.160     0.216      0.009    -2.160 0.018  0.041 0.002
2013.160     -0.513     0.041    -3.768 0.073   0.017 0.001
2014.070     0.000      0.003    0.000 0.004    0.234 0.013
2014.070     -0.195     0.037    0.110 0.016    0.016 0.006
2014.070     0.058      0.005    -0.359 0.014  0.099 0.006
2014.070     0.435      0.014    -1.109 0.016  0.024 0.002
2014.070     0.232      0.014    -2.212 0.019  0.036 0.002
2014.070     -1.078     0.051    -3.460 0.032   0.012 0.001
2014.070     0.469      0.131    -4.500 0.121  0.003 0.001
2014.070     0.946      0.031    -6.696 0.038  0.002 0.000
2015.050     0.000      0.001    0.000 0.003    0.239 0.012
2015.050     -0.151     0.011    0.247 0.024    0.022 0.002
2018.310    -0.708     0.008   -1.622 0.019   0.006 0.000
2018.310    -0.368     0.025   -1.870 0.019   0.008 0.001
2018.310    0.509      0.009   -2.409 0.033   0.006 0.002
2018.310    -0.320     0.015   -3.768 0.023   0.020 0.001
2018.310    -0.854     0.065   -6.156 0.071   0.004 0.000
2018.410    0.000      0.000   0.000 0.000    0.746 0.037
2018.410    0.184      0.008   1.285 0.010   0.004 0.000
2018.410    -0.010     0.000   -0.600 0.003   0.141 0.007
2018.410    0.685      0.005   -1.004 0.008   0.012 0.001
2018.410    1.138      0.012   -0.554 0.015   0.006 0.000
2018.410    -0.293     0.018   -1.682 0.009   0.023 0.002
2018.410    0.429      0.007   -1.940 0.011   0.030 0.002
2018.410    -0.463     0.018   -3.566 0.031   0.031 0.002